0 1.6876990265504073 1.4986981622126538 6.762323986996618 1.9273941406575585
1 1.8994852568503637 1.5185554053387953 6.679757594066367 1.6227476367490468
2 2.003457576361492 1.4934181836053735 6.686153918306936 1.4035004692875852
3 1.8674222995370882 1.4844719519361442 6.751953305089508 1.5895430121738952
4 1.6137356579859865 1.407598766469271 6.960901755404722 1.668420675383692
5 2.145201399054096 1.4742998794785755 6.735868314996699 1.6214133524350771
6 1.8099083328800394 1.2389459437254968 6.6495321006223485 1.6256285639282588
7 1.6743907557984723 1.3863309543476197 6.700968460663329 1.7817529208093763
8 1.6888364944905452 1.3460567419668372 6.711997719612036 1.7615667603371175
9 1.7302222626273964 1.430817032550467 6.920905117094972 1.5945139944891693
10 1.818353939098583 1.5558670321666979 6.8096104827693855 1.623660320531791
11 1.990692538641819 1.5439056182721904 6.564971996279831 1.64526885800933
12 1.8047309640353606 1.4235982251616464 6.406219706360686 1.7914907504400306
13 1.6097312902075935 1.35207323592095 6.848837232192439 1.530793594851758
14 2.0141140683171166 1.4909009139677447 6.564644474559707 1.98505219477824
15 1.6823127149913557 1.351424225732647 6.511682818796174 1.7809791674540796
16 1.8348788554691202 1.3947041456261968 6.785141997278901 1.733561178039649
17 2.0073801872719117 1.5586433997190656 6.9311086319476765 1.755238070071412
18 2.218901876065605 1.4923278294992532 6.671199181520763 1.5430087638865935
19 1.6490622175010066 1.3385431909053491 6.680214744507494 1.7881787417168162
20 1.8065443105764931 1.3384015277460355 6.5986006710168414 1.8361705281643748
21 1.9680932464291752 1.514229438183319 6.963115985694615 1.775476524142205
22 1.7033993086480248 1.309816453259848 6.8056650223591015 1.8223209131290385
23 2.082140189282736 1.540650557348965 7.024105090575252 1.6959050764314199
24 1.9951770266150597 1.4271460704366732 6.450957171808918 1.9147100403244497
25 2.184950005167204 1.4146675016088228 6.967729859444916 1.6303503656309453
26 1.6442514147294454 1.4406588458730905 6.871002669040808 1.6639613570500327
27 1.7348522967137026 1.4719534877351907 7.032206544084945 1.737518223655005
28 2.072456331908545 1.4888202381364015 6.776946367679929 1.5191982700732536
29 1.832103993736485 1.4516670272091725 6.673010506067405 1.744433895092608
30 1.9503862126675524 1.4129868798857546 7.07732365352713 1.6878782206782745
31 1.8505814102373195 1.437564830044758 6.8853674286341615 1.7246068514419242
32 1.8557690726360836 1.3723906382937971 6.872455751109843 1.6873188515617374
33 2.103613965900816 1.3501587223845815 6.599420885985196 1.6919121036571685
34 2.027266466239261 1.500091798686905 6.887145089926375 1.4970278981153495
35 2.313361797646987 1.5424204618007809 7.073408944098546 1.7454094456587421
36 2.150268077670836 1.4644826568045974 7.269384823128437 1.5620533633684137
37 2.1661422452835515 1.4847351266915525 7.153841610812943 1.6394496213634155
38 2.0344284124987824 1.4044404733128186 6.832322193276353 1.6251734427855908
39 2.244733320745657 1.6364852716392615 6.750283398945996 1.6825750636969925
40 1.3879033782187484 1.2878587261350078 6.386432608972585 0.4730867237840566
41 1.4096972696665142 1.343091938315307 3.6521668581684574 1.0514341230896156
42 1.367629037952166 1.2848188995915377 5.407777492067132 1.610879052135678
43 1.3351026431499575 1.2696646210603488 5.058965856010784 1.753535440100662
44 1.3237073113395958 1.2780645127590249 4.238730559352561 0.8277486000114092
45 1.378320571243618 1.2874097074334696 5.916963575170463 0.40227072528313323
46 1.3214633395759696 1.3180317364360923 5.867688327740941 0.04958696636302928
47 1.3165930997271145 1.2739602556471836 5.400292150590369 1.1970683788625678
48 1.381157411126746 1.3110994691169127 7.5397826146775575 1.585357721729674
49 1.4438866546926805 1.3254339430123667 6.536060898237581 2.4694900267537054
50 1.6341926034872152 1.382569853203838 6.6802918572733905 1.7112119342836012
51 1.5349854341806821 1.3230223083872212 6.7278945300021675 1.5420458824112608
52 1.7891950044925928 1.4978799727860226 6.033327521549125 1.7378935692126898
53 1.7612452071383164 1.5006646727674533 6.519446934591148 1.6533463129117614
54 1.6714638619989903 1.5674779123543867 6.7617975413705675 1.6755022041474505
55 2.3509206871105697 1.5375457463399613 6.188424777947177 1.7328824805497842
56 2.0851440434591493 1.603834371300772 6.3198884856814885 1.7987202947567713
57 1.8707155577153183 1.6064768163700034 6.682521688150841 1.69781762507655
58 1.88747006389362 1.544043334674267 6.713483796064657 1.7069595259715142
59 1.9050588916948752 1.5014943490285082 6.805160381721395 1.798566383100466
60 1.3977864006072171 1.32484161480621 5.868467984740545 1.518678744266851
61 1.406554926382808 1.3334445441874858 6.25775011455697 2.165088619956367
62 1.6117494914370147 1.487662036434628 5.07743787626574 1.5706846598432491
63 1.4436604042510197 1.3759902637887433 6.592845260831942 1.8070266465600273
64 1.6327627145009012 1.5557775017134237 5.946544185751364 1.6766142558781512
65 1.591021672243016 1.5129932228235425 5.909452197061122 1.8719652897417915
66 1.5500551301901555 1.6231052063266886 6.562855842577277 1.5375268847257406
67 1.6311943394907786 1.7604361063206304 6.525893671965747 1.8719016743090955
68 1.5603021995160806 1.5632380409110826 6.139359874843296 1.5416031134008021
69 1.4388188027534405 1.4778270854182698 6.512319088464663 1.7302363281484188
70 1.6034343921894916 1.5085236860095481 6.8524018177853465 1.559761496076768
71 1.5557498893580282 1.443698710048138 6.004499638250843 1.6573862729916218
72 1.3962030328782065 1.3545340131645822 6.241280750361813 1.7308960389034604
73 1.5432461818464929 1.4240908663102478 6.140085489217941 1.6655430592760705
74 1.4479257463522754 1.3503925283301514 6.10098238769687 1.4089174213930595
75 1.4163258339858644 1.2807474413409905 6.68724687110965 1.4712313153557341
76 1.3545083881270146 1.315175636446684 5.9565219875545985 1.7148776867301112
77 1.6212408738803634 1.5838843106163776 6.044080508855917 1.808886545768887
78 1.4175540703641853 1.455016210057389 6.4725204673276835 1.6842363428832332
79 1.487256051939892 1.6577853376587253 7.384164439589835 1.1467581788813095
80 0.6179821621853621 0.0819755618527816 6.99013567525475 1.7612910959737658
81 1.3468571691816038 0.28310013527020794 6.940703915023272 1.7701455898662821
82 3.7868806293752213 0.35434743258877877 6.8138387483349545 1.7007089471211174
83 4.186377878518533 0.05548331599202383 7.010753150301245 1.5999202071827894
84 1.401422790855828 0.18305729438168516 7.1643305604951735 1.6875932430159721
85 2.5973301711266426 0.9638931931176665 6.984285279447541 1.6425316112985002
86 1.1814744552091974 0.3760997104079718 6.730663280696122 1.759101374528859
87 1.949965234631479 1.7598616414827382 6.999552744885264 1.5939062931351031
88 4.1211460766100325 0.5350909365175556 7.085705846850082 1.6577750680337284
89 3.1641015508453396 1.480024199023518 7.220579463570584 1.6360443381447758
90 1.6617604574286986 1.3949598009410034 6.585699694542457 1.6252852455269196
91 1.715808206903565 1.4998879929747115 6.907318220668909 1.6974107613750706
92 1.818449213934053 1.4891222387533805 6.820283015652282 1.7116459673734135
93 1.9070528779915783 1.5710326878535472 6.549003653050781 1.8698453758112872
94 1.4372190178255886 1.2540885457148974 6.594260416434727 1.5462333994089044
95 1.7915453884048345 1.4731606512484492 6.729726080072054 1.7124721538583823
96 1.9454079202054295 1.502021849619375 6.9193097753741295 1.5130943365923273
97 2.024296309613083 1.4776143207661108 6.141750341618345 1.933069252828472
98 1.740173477020541 1.393358634676728 6.595678508933442 1.695837472639082
99 1.8514884915921304 1.459906840288124 6.426655673378627 1.9262928265614598
100 1.7615398872791064 1.4762954944688627 6.294494629251213 1.4598427149853772
101 1.4819768306123813 1.350220457350137 6.2444957384145905 1.667043296649881
102 1.6653312963360707 1.4962103308522967 6.642617022552185 1.6156894278651
103 1.975219168376728 1.5852092978855814 6.385170722480856 1.568526482546912
104 1.4818996671721365 1.2596468532812704 6.606428155406107 1.422110645266255
105 1.681202752993107 1.4669856838446533 6.495062875509279 1.5935896614756149
106 1.7935881974118357 1.492002132964867 6.660550958009271 1.6713289810666994
107 1.5522814794023934 1.378603107997233 6.360274641011384 1.8182824765083438
108 1.7681860587597107 1.5377301368674212 6.182800429064136 1.6692438293920062
109 1.8844678322035382 1.606703498611567 6.8825530374596005 1.826187268025905
110 2.0899711454332137 1.502390976376891 7.069198273711004 1.8470446993921823
111 2.0440622614226274 1.5497276298260276 7.147819897670325 1.544597991113001
112 2.3014745860794332 1.4953303128075974 6.780979664145736 1.6577130112086111
113 2.5824332564090002 1.6539114710475955 6.748766788233784 1.7212419196212265
114 1.8601070980690932 1.3028035601752495 6.549108438675976 1.7947522571330807
115 2.327611094781577 1.652534123554499 7.2510574144715045 1.6311499224250463
116 1.9912207031427978 1.3638218669309516 7.161975425353594 1.7452493430086609
117 2.2225156421642596 1.6595473671241812 6.6767339704520445 1.6157225625333334
118 2.24758716906575 1.52672331201582 7.030112880197128 1.7654548371895404
119 1.9308610505983026 1.659174872423169 6.713894859593626 1.8384820701575506
120 1.826436838055983 1.5520827176454732 6.342024199914746 1.7292752631433308
121 1.4676698689454468 1.2791105620318592 6.863475856385374 1.4273695547989202
122 1.680176978370332 1.4266671235937658 6.8181395693135585 1.6829454314733736
123 1.8168840818541256 1.5589238632236286 6.394585788100775 1.7889331639465123
124 2.0197963956301512 1.6261997382624986 6.400073781071742 1.5453293127103442
125 1.9144553360851104 1.601807730502931 5.877633405283613 1.6697315917598226
126 1.6182976460077465 1.526738355166027 5.981982941649504 1.7546465606514374
127 1.6698274038746415 1.5353898083963535 6.37830655975794 1.7327219969451528
128 1.6513221154365498 1.5456963738991472 6.393753171826878 1.5297811862149688
129 2.07588734478479 1.9571148940609298 6.275130126940922 1.6706411211217396
130 1.657873072095703 1.6303614659785453 6.574005879917055 1.612982289905555
131 1.8681663681162202 1.624141988860072 6.437156762959486 1.9088688706481798
132 1.7504030474628034 1.5200289508464087 6.416781266379088 1.763389486197747
133 1.754467982945466 1.7363481799797154 6.481151417569757 1.5550641924833786
134 1.8408634606824883 1.7356751736508147 6.425947092686863 1.8961606238061235
135 2.0480000375492033 1.7202925148858346 6.066415273089208 1.6792948931331566
136 1.8175070168468415 1.6854365875903203 6.427795234629101 1.6744904943843475
137 1.7616153438231514 1.6053369033962366 6.762167887364847 1.588083734344114
138 2.2743823433917005 1.7028538860207745 6.434924667040874 1.6128767405679634
139 1.81443464090648 1.7191588983256785 6.4582987028647025 1.544995321670298
140 1.4226044364801769 1.4465556145784197 6.308936293345839 1.4360612100915182
141 1.5943356381826401 1.450584800223745 5.880094587791528 1.3294757787335842
142 1.540601134107199 1.5184920701995308 6.526946230844688 1.2742898769081115
143 1.5936353816346187 1.5652491767234822 6.09820955703373 1.5237871937265475
144 1.7946638619464568 1.7124837672764275 5.975090336318424 1.3578017710602845
145 1.4004528488560781 1.3853721271135682 6.503749941054341 1.459619148768094
146 1.7741150864154185 1.689144362704241 6.235393667248826 1.4208891047946792
147 1.560808637266599 1.570799754659002 5.988699240693438 2.124775609731
148 1.4929263294329351 1.5096820426376456 5.970833717654283 1.6291414601166203
149 1.3885208494510974 1.356374469987281 6.51457247313739 1.8351555857866637
150 1.692354517925261 1.6141486440830592 6.203799616110061 1.7042043521576367
151 2.1138341161396754 1.762553277591691 6.3195797958139 1.605067446619891
152 1.5463861570467323 1.4848370761007965 6.829055971235733 1.7400961828553223
153 1.8797698914289858 1.7139775710060257 7.017211434252298 1.5720259337403097
154 1.8303661794421084 1.720309569175402 6.411952883085307 1.8799376492150894
155 1.7030003985870115 1.5310039742049002 6.459260168620267 1.7942212162917057
156 2.1476865261903053 1.732893487047638 6.246971004901231 1.6573864560789828
157 1.7274345213259663 1.4507004980832598 6.735449831831981 1.7402885605481944
158 1.9052658249707795 1.7265938831298984 6.577274241539898 1.6360798689264386
159 1.7053042740463449 1.5560391640862992 7.0230524152875375 1.5077352502752066
160 2.0091474642995806 1.802431766062458 6.729946076332487 1.6760139994406043
161 2.3592153262137887 1.7593122424914034 6.305307059637538 1.68361067600799
162 2.1750166025485473 1.7815830685914888 6.392750745639995 1.5968417387767129
163 1.9794262944543117 1.6975186566318723 6.503365760563147 1.7333068946868528
164 2.1023104691180627 1.739293372705426 6.2341597007386795 1.6596521970156108
165 2.405146916277797 1.7887090832656145 6.616440431342036 1.7336403971043277
166 2.1700073288602386 1.790572411905651 6.6104687030083085 1.6204162073173078
167 2.161468108998054 1.6727481035885956 6.896804354194475 1.74482922625789
168 1.990581939629792 1.7744296479422355 6.8085034270230755 1.646137982322833
169 1.949250214697858 1.762413257391418 6.928046576388889 1.5543436047862698
170 1.7477617452902272 1.6245497149029933 6.066117862383255 1.8781577864745833
171 1.7216871166167174 1.6950708822679295 5.941038655581462 1.6397148606225158
172 1.5348538521249653 1.533773167293972 6.184461924895896 1.6367203626357403
173 1.6373060582439334 1.6378796884343814 6.195711026478302 1.4565349903301068
174 1.2979691508766507 1.2759065529710336 6.103498663429102 1.4006024259919612
175 1.5469822336562944 1.5728976942080521 5.741264557236695 1.3197135611175312
176 1.5995293130516268 1.5972750086930423 5.807836232631583 1.6809983667037076
177 1.785690827439137 1.6435393219890129 6.044265121448022 1.4754168392897469
178 1.6485741765241058 1.6903648500435715 6.8394088820190735 1.7167616512164239
179 1.4494743299310948 1.5355754582575951 6.218819527617336 1.615970828693638
180 1.7478468712837876 1.5583831905173595 6.072326704578748 1.8509870488674387
181 1.6795696484817801 1.6593904362061593 5.6655998965944905 1.2206625867329144
182 1.6149379243172088 1.5826459148959626 6.343596996579589 1.4206194916068218
183 1.6184230371508546 1.6163249359621494 6.184177686336419 1.7918684731380663
184 1.3719595711906312 1.4308733270136758 6.379631104581965 1.8266028343188285
185 1.7575467265830662 1.694964794018822 6.235576123196975 1.6148658051323712
186 1.682828335147638 1.6374169759447392 6.28383363851878 1.8512318455186734
187 1.604037190961112 1.5726042531733042 5.912361411990691 1.6824649448057531
188 1.70281049942209 1.6767676222629984 6.318959314880547 1.5443585908271507
189 1.6203659194266975 1.5971310161139192 5.827496080403741 1.6629021815605023
190 1.615392227032101 1.5803302854377137 5.365082615645486 0.5869701132960041
191 1.471112392491426 1.456548938933556 5.327997253323603 0.44657947386822044
192 1.3020539384353742 1.3641038897450886 6.708536342235534 1.2874636807106679
193 1.3850846635758847 1.349987340259771 6.1579597945266045 1.415856845937501
194 1.5429537113739622 1.4767752629588682 5.474946463099906 0.8373769493605393
195 1.4361982461986282 1.336735980585137 6.310190374196151 1.054390959817863
196 1.4495183581564641 1.370137498315823 6.332238492048996 1.197659693200528
197 1.4993129187326968 1.4185533414772311 6.244995261771078 1.96771638169686
198 1.481549428497596 1.3926181772527855 6.415615620625784 1.2959856715892915
199 1.4803591484553822 1.371140632697214 6.105528457432675 2.105841227876011
200 1.5455604520384385 1.3096374171902923 6.430889558634021 1.301351859667029
201 1.5291212648758143 1.3432387423947756 6.431966229602385 1.8603397916804778
202 1.6924833751199782 1.5044680528181456 6.455256926603364 1.8454747024250897
203 2.057323143023313 1.6545687476285917 6.547647477691336 1.5405498510627356
204 1.719253222984582 1.5036868768595388 6.621212598849961 1.7762068283884076
205 1.6073480241642066 1.4623730896074034 6.450295921261856 1.5009336107833693
206 1.9828516582964102 1.6139409972590175 6.615590614077842 1.5071835373948406
207 1.6471592905268073 1.6128492390439917 6.349745579389271 1.8697284198052342
208 1.9711029330270715 1.8769363961074739 6.188842923918721 1.6713592468698113
209 1.9503244000300717 1.6299591200991812 5.8450467621098765 1.6435139935468814
210 0.7071005580714663 0.5912073385254293 7.056152326883736 1.7398524515534592
211 2.851985497589956 1.4959314365932983 7.15125128896272 1.671229919460576
212 2.7157092351107575 1.8943854563814608 7.089349018110105 1.7256490491814067
213 3.671777501412646 0.16098611187018963 7.189454828423281 1.7506797975590396
214 3.7614695223177854 0.22767921905685395 6.992934561185355 1.6927002440933272
215 1.1108700703620398 0.04232831228278289 6.906609161074407 1.7394178375336316
216 3.9479238029016286 0.2206090279926305 6.886265777125736 1.834793426493615
217 2.8501613648239688 0.9761735487290161 7.069445059208271 1.8003790060933602
218 0.5490041257561092 0.13613562524008013 6.749282626152709 1.737809823840544
219 0.6666068744654531 0.4359412833135533 7.141179895029836 1.731672189638002
220 1.992984623885391 1.5023022710796177 7.171144279581678 1.559814693503313
221 2.190354908379247 1.5695073901431804 7.00627207675424 1.7296679782412543
222 2.1924640127911883 1.551880698571129 6.716570288158463 1.5261489098472174
223 2.064888734231058 1.4366593034714092 6.293418335355893 1.9255956559526834
224 2.0039480496223523 1.6558004470724008 6.8639992315545735 1.8167557958128466
225 1.611304539685204 1.4600368980075746 6.972895948283249 1.6135348934510205
226 1.8466342634620267 1.5246597772357158 6.802402077223907 1.8757847083538235
227 2.2163177915020698 1.5853460802582684 6.843102345537875 1.7597474529834425
228 2.1268755005886577 1.5700887150021792 7.060329519693711 1.475942197961945
229 2.456341691652446 1.6063792414994966 7.084500876312256 1.7391112166966278
230 1.6193125383358293 1.4143350525362617 6.218061616546798 1.7323669530232346
231 1.5442824688422438 1.3181480161054573 6.674532636808484 1.9608244910134696
232 1.7411711690047629 1.3570412947282153 6.150294761118595 2.0445432663353285
233 1.7765857733413524 1.477679519028933 6.552469396858113 1.5451393236458875
234 1.7497729827033497 1.4760285828279749 6.2087779824557074 1.5268216107829964
235 1.6244123923081784 1.358088467022116 6.425503925581811 1.7736570415348862
236 1.542687698554211 1.3101326435191383 6.242976035551368 1.4561552335128414
237 1.8970766728571486 1.486382767826229 6.244238489142036 1.6095009817185584
238 1.6520145550629137 1.3727975696305792 6.444979181689675 1.6337268394172273
239 1.726902428553923 1.4043145649274142 6.024613297183431 1.6374117429381003
240 1.8913450820474618 1.5533990692242428 6.246012811315198 1.7740675995411597
241 1.6699722651340596 1.3924723987597691 6.726027243346068 1.5670845688722381
242 1.6410383870381495 1.38452321152052 6.734978923548974 1.6204963083817576
243 1.596932010186139 1.3752421420284164 6.566706960439078 1.8393885734633446
244 1.929457717146482 1.5035760386938188 6.404322590553281 1.436056290835685
245 1.6625924877348734 1.4589280150263715 6.826997917216763 1.5896820486908019
246 1.6997326740941536 1.4458465638736497 6.367409465257009 1.778053567422332
247 1.8040802492544437 1.3779711030429498 6.607062346415759 1.5393292253980724
248 1.3347986488093975 1.1874621521938007 6.995684173015393 1.6032498725450695
249 1.77188642301895 1.4713655313789447 6.393289252329767 1.8373235330531132
250 1.727270773257704 1.372493271150836 6.13252472469397 1.6901956525427164
251 1.645816121253411 1.3515314155487383 6.28051538038724 1.8007916073010635
252 1.590020112243626 1.3679178365199014 6.838091385570183 1.6680490831145505
253 1.672036051991397 1.3517379415293256 5.8247967045351725 1.5608627626961329
254 1.7172833413665274 1.3630470530576013 6.489880413952726 1.7354232889413619
255 1.319476892733084 1.1649223015031425 6.367720289711883 1.6926063797677031
256 1.5512769927511216 1.315547637766089 6.34726561800586 1.703248919209049
257 1.7587840931760674 1.4036037511812347 6.048263943226176 1.4773734235278966
258 1.6765947508510652 1.3221675641482291 6.094231727089521 1.4663888655090964
259 1.86161767617396 1.4042637998562586 6.018381771204055 1.511420936632276
260 1.5090025655504673 1.3178985829125127 6.226427190039193 1.6602438826187136
261 1.5511806251771 1.378681215631394 5.772872584521064 1.630492478555092
262 1.5441408120468971 1.2839713683235852 6.22566081710966 1.8953842569129093
263 1.627751362615967 1.3921650608978657 6.710643045903048 1.9395061834131806
264 1.5938990273404323 1.4394586173922561 6.226813251393081 1.6358831017386493
265 1.6391447965728796 1.3790883483070326 6.1939916372140535 1.80778765053671
266 1.5362043335177051 1.384601246965535 6.06874876462799 1.8381394800776318
267 1.5209175575169425 1.3121412439259377 5.545897714969914 1.2134754436916395
268 1.3975169211652003 1.2699288095248258 6.8043645982787355 1.601481835180032
269 1.635446091744651 1.4119525847587486 5.971150782361678 1.6129849047681522
270 1.630048293835785 1.5207204036538846 6.805497427637592 1.9002755413860049
271 1.7526861341402178 1.430833051468894 6.088493886822549 1.749765979326638
272 1.5362640013473063 1.3536755212930185 6.344091861708371 1.6536462693456002
273 1.4280255393520047 1.2757887490285718 6.346633004735283 1.5843819490546478
274 1.5349372293412675 1.376906542355008 5.661990743802035 1.6360323267562868
275 1.6565836905242461 1.338824553264091 6.634705052717442 1.6541119561684896
276 1.63191430037217 1.4299606572335013 6.184961616451818 1.696331826215275
277 1.7581913634698416 1.5039134857261227 6.218895496537807 1.6362231697478098
278 1.6400328566635263 1.4467439912531668 6.482345095848402 1.4622255861051516
279 1.5198281510387444 1.3484850819549672 6.523398678796656 1.7910344000339853
280 1.8234098235948253 1.364711507777417 6.204057381593989 1.6769580379288562
281 1.495265060150253 1.2975103722760182 6.226250169206566 1.8136934455048073
282 1.78491481903195 1.4425471511328485 6.417219976592415 1.7529835853516886
283 1.7595490844072843 1.4410145945364525 7.042366613850491 1.6916872400435097
284 1.7905315370346297 1.4659063411178945 6.251699591925085 1.683223047377522
285 1.6824283650697645 1.3854210444616313 6.3780400517592675 1.7962178689658124
286 1.8054482295749124 1.403481181533591 6.630925757650295 1.5210605781028579
287 1.8683912902351814 1.5153133837236001 6.741610600845343 1.7198685468054378
288 2.1028548588713813 1.5058837358415338 6.724567022610922 1.7201840564493656
289 1.800415232883242 1.3701713524566692 6.682423185901505 1.4624462615265403
290 1.7152594000165167 1.4676546066720237 6.576239977790773 1.499840263719665
291 1.929489908572224 1.510545309065609 6.543870932273446 1.4549529693568164
292 1.623723746835898 1.3346036793469265 6.5470073483972335 1.8269531591012445
293 1.6265536734525745 1.3126920931687547 6.551532344678441 1.8529481491279578
294 1.5474961900645743 1.274027708240217 6.87211323793629 1.6686731120668434
295 1.8368575177330049 1.4578593980869035 6.747526772209036 1.6911201171449817
296 1.8384116683951892 1.4051682246512287 6.403130533052133 1.5863137115218993
297 1.8064836302597724 1.4574712155760727 6.6686204699742335 1.8261337229055592
298 1.6133462130513725 1.2754949635994433 6.343007023097565 1.6726134385951634
299 1.6382487176757063 1.317972938016233 6.773154516855453 1.8090343498836898
300 1.3928568461203306 1.1658533588856854 5.628797983199156 1.253065079584212
301 1.268330293144234 1.126120239120343 6.417500966727542 2.078332015699641
302 1.5475404010827378 1.354466958502069 5.5635515816068635 1.5507284893968514
303 1.638488035202742 1.3831814888200764 6.671253746160097 1.5141784553976079
304 1.4224377896625524 1.3057940898222882 6.1447826410758095 1.6548226935193513
305 1.4848662470858403 1.3381947858791987 5.972290939458129 1.5328814296421387
306 1.5250895611478266 1.3291183350159623 5.851308042801271 1.407645761984492
307 1.5189736536195577 1.301154671198337 6.11114733270919 1.6268571538855667
308 1.41451110189392 1.2295113072417678 6.703483834986092 1.7737471623182302
309 1.6088557905109542 1.3333359497686612 6.865025327170883 1.6994152919346948
310 1.4853463134654126 1.294360100802591 6.562867292756331 1.5647213541583362
311 1.5291666388236316 1.3795319424793882 6.398120277681841 1.7633837370584382
312 1.4980554952117178 1.328919224398005 6.275561435599369 1.582962278766862
313 1.484417507834919 1.2460281280372312 6.50544123346383 1.8641448545604227
314 1.4171254717197919 1.2113347649955242 5.4705484610003134 1.474106836631217
315 1.6274302696683443 1.3932904552585779 6.587594973527885 1.7785960048355565
316 1.4597777200356978 1.313158587053391 6.281717206784388 1.5892472481397357
317 1.376855195163417 1.1490974335470845 6.185162147205304 1.7190253747519453
318 1.6071405628689897 1.4076413599120003 6.692211498982473 1.7833030079951944
319 1.6250403006573688 1.3814549585673266 6.4594496470511045 1.5663569512323157
320 1.5875993948335125 1.4217432314099891 6.456394635865217 1.5844296134552394
321 1.6244213260616078 1.418733700687922 6.157293408324786 1.3487175442584185
322 1.7887028635764497 1.5372965800464329 6.187499551846886 1.6806542017769004
323 1.3896286888068214 1.2851818791859169 6.042269938709305 1.3765288032519962
324 1.624902258385441 1.3989046619605165 6.417983504488567 1.5808689993817717
325 1.636202743746053 1.5291830785014733 6.434681104425951 1.6218781031798708
326 1.6804805103644054 1.5273065714013623 6.334027751412969 1.6260942665081708
327 1.5925122325843766 1.422152544435983 6.076383319556769 1.794548135116561
328 1.7915305882791317 1.5687439288711342 6.012433835390363 1.689774463089059
329 1.9378607019656784 1.7206587387066699 6.526104749238136 1.8088278651289356
330 1.7725911751477321 1.681520411941428 6.222766457039493 1.9114174238592139
331 1.8622332721608583 1.6915299209787666 6.367429288967444 1.8401446044365781
332 1.657371819068316 1.4931586446881537 6.402854350923106 1.7592226235305972
333 1.5887118251591177 1.4507573036425538 6.356997512153133 1.480609278786919
334 1.8517515134417182 1.551516479174019 5.99025325113259 1.5897115291530965
335 1.7059576814165676 1.4820090609858256 6.435076727545507 1.5400514575514217
336 1.7266578532482488 1.4908182642621297 6.367721120299463 1.5211706155308646
337 1.6124782283207963 1.4031810545877166 6.628903703465812 1.7229611448589748
338 1.470566242501584 1.3638649862357093 6.199917378125428 1.7113352484746083
339 1.433294171111053 1.2682850004968704 6.521604139415591 1.534547310568493
340 1.4595743895929196 1.3560631229506175 6.144139328485084 1.9296351758150885
341 1.4046085153477275 1.211033667289294 6.680400173413534 1.5722439781954878
342 1.6834086701211233 1.4817674422437375 6.225227622337647 1.466440787170141
343 1.5177093452995043 1.3586997954701474 5.883832736739774 1.6094313850893334
344 1.3122064449349955 1.1304081817699345 6.474213321676437 1.5051410767577091
345 1.4939931862522973 1.2840015325248162 6.00075537045247 1.6757259928826418
346 1.5729236211381379 1.3716545149267365 5.707821756231619 1.4579398565479869
347 1.4046193512129714 1.2257426637189444 6.515880740282894 1.8358208202912145
348 1.5585199916078916 1.3873626064234779 6.366644144564563 1.554916951703604
349 1.4327094176428496 1.217525265087975 7.337850892608575 1.5608182711212992
350 2.0660948671879598 1.4981274658580825 6.603613499068344 1.8581758833924649
351 2.3535450663100033 1.5718106964571876 6.673479651568567 1.7151748512905347
352 2.2130391761255996 1.3551535231768168 6.815197056405507 1.657077725780139
353 1.8304523057876607 1.350547120337431 6.766982149700777 1.8345837718947147
354 2.21572830684343 1.6002490399698042 6.568610753524214 1.6770493174664045
355 1.7120120195214885 1.4201457879728152 6.887555113195998 1.7146934719067854
356 2.1038725156623688 1.578761271437257 6.7792912418978934 1.6835327096097754
357 1.9440707411059956 1.4334889570528904 6.8598250328015515 1.7927067873058642
358 2.181001952506146 1.5091354520089115 6.794887897543545 1.63563698150684
359 1.4981317112306836 1.1127354207673128 6.66170062120557 1.7610511743949218
360 1.6523159538641157 1.432868385687462 6.490812378538009 1.5268769153600175
361 1.5169344378552947 1.4004403284668656 6.279877494063481 1.7399191266361
362 1.7184961297782821 1.4345802787106752 6.7421574861432205 1.4346633980958494
363 1.5931489176285687 1.3623207819519914 5.227931631125728 1.4972307620955474
364 1.665672513870215 1.3739584638553435 6.665461655803075 1.6474948144738368
365 1.3952315580045824 1.2586984392503295 5.95585807197633 1.8228372184453248
366 1.761963943082775 1.480280041003083 6.007391200881793 1.6501920387389382
367 1.7327300870685087 1.5159051318895584 6.135685743355327 1.8771642636376367
368 1.6997506932141404 1.4579921707997148 6.321038649517231 1.5053974545348083
369 1.6323168838193192 1.3681801866039454 6.4237313814063395 1.499692226693174
370 1.7160332860177006 0.031875761895931665 6.806724954714325 1.729411065908663
371 4.145383412956858 0.00816372011616373 6.663350668917704 1.737749870269766
372 1.727163996932333 0.27127842113086076 7.093710999247029 1.8197431043302568
373 4.264972842464808 0.4103991743967308 6.796768138826686 1.787837258054415
374 2.022070248898511 1.7129140621008603 7.1872358286593325 1.7612657622194174
375 2.2190636490047426 1.398962295698036 6.988755926185202 1.7167162591001515
376 2.3188920326687166 1.6025379579455385 6.977884915756585 1.7925404341576907
377 0.6889311104596998 0.36735233623653235 7.207684517006463 1.6616536429256212
378 4.696173293133803 0.03859729637622333 6.588903620064909 1.6914501001489994
379 3.0439817719404383 1.639146808907037 6.906591601258254 1.6780766844547965
380 1.316552475603054 1.3116606061969616 5.517048091316319 1.1760447487621495
381 1.2855297745914285 1.2652946044761335 4.9831751884973015 1.0732837615283577
382 1.575059396975554 1.4664155261206766 5.622525655260276 1.7412002421684816
383 1.3110329773137215 1.2462458832044145 6.330356770743645 1.1257317673281177
384 1.474985779323307 1.4338227647913024 6.4565974147225536 1.589807492122572
385 1.4603755237922198 1.3211733607330751 6.286037340067517 1.933176181193158
386 1.502172235235198 1.3743455251884849 6.032654656091599 1.771967860072047
387 1.5628961718630208 1.412188999931755 5.987593379855108 1.3442005920021813
388 1.4781342509767839 1.4310959590727612 6.857195717930504 1.7356933301292783
389 1.3448906644637968 1.284863667294249 6.066808258245236 1.720522787150113
390 1.733755573989035 1.5797218169105418 6.451894884087018 1.6345891580922984
391 1.8999356827037972 1.605491199950101 6.547427551515385 1.4248809223961645
392 2.2127507772570265 1.749765095721734 7.02626547820171 1.6806428284548007
393 1.7854578073559768 1.6678722708451896 6.573600389156375 1.752377988541446
394 1.943754578685105 1.6469373104259193 6.699974718008342 1.5831504507123113
395 1.982611366996449 1.6010648105637986 6.222925268193389 1.819098659902728
396 1.919462547140905 1.543238698891962 6.339002462599897 1.789978281793901
397 1.9872559334915358 1.6240704068270087 7.140427906334552 1.506743465968903
398 1.7866586082823537 1.4072074544630169 6.648396765356204 1.778870786739235
399 1.9000424848040458 1.524471302978944 5.976202175772914 1.8981452717520233
400 1.3651885346094739 1.2858175448612328 4.615592291891276 0.8443395208834875
401 1.5037910330833086 1.3781346090556958 5.289837226588528 1.499260754355078
402 1.3971554951585654 1.349967269117616 6.559142796878245 1.3155375518807326
403 1.4029045762649286 1.2401440006052031 4.686183051974495 1.2294096472856861
404 1.417408165302192 1.3081901520808348 6.654960115431945 1.9272449634424078
405 1.4217670920297123 1.308804836172771 6.672665794829311 1.2965979299818668
406 1.4266898523194464 1.3330928734060181 5.995364151394234 1.919537971849502
407 1.2909993554791963 1.1713901483821485 6.447760452131078 2.024475396419285
408 1.5186011453310004 1.405450567940273 6.145703608600441 1.523582146642292
409 1.3868972321737876 1.2396087678876688 6.7691562483479215 1.3442025211399224
410 1.1097376702899562 0.05807501839370066 6.847333056718776 1.8234432561011054
411 1.90822651230489 1.7936167678635853 7.379962816234803 1.5752182105839527
412 2.2071598383186135 2.0490704556390194 6.607589260151309 1.5991036747978364
413 4.228434967459679 0.2519238510417894 6.865028548446783 1.8104858112379911
414 2.8152853345799764 1.6017202627428526 7.010186125090892 1.6243153004968616
415 2.8987451962546205 1.7079475694423996 7.204765925370198 1.6457326917505988
416 2.049804868595033 1.5210236008100475 7.270155656810927 1.644477073456526
417 2.370480898029874 1.1688843801344946 6.982748467532511 1.7489423769194004
418 2.665950202083582 1.8365865160221184 7.030289199253319 1.760606035672752
419 2.6082382949743943 0.8328019939024803 7.203989896208627 1.789956603356011
420 1.2370664147961419 1.1755072517394642 6.0422491473673015 1.812851664528282
421 1.4396294614087668 1.3152624732875409 5.576159512953962 1.8973502625292002
422 1.347340427488665 1.240548556313543 5.493544097875623 1.3043272844661502
423 1.404340047670273 1.285829330281983 6.0749367243720584 1.744951674775314
424 1.4367059636157842 1.332993350930045 5.314826636938737 1.8027955387594066
425 1.3410306409714674 1.276462674538344 6.320412734702037 1.9833308750169143
426 1.405236622585392 1.3038203886155537 5.544081547887104 1.3479831975155452
427 1.3444096250034263 1.296148788073322 6.528018954443228 2.193952322634577
428 1.3113679005805656 1.2132691608091986 6.372332614613568 1.9229419534597818
429 1.4879496745168725 1.3529643661416655 6.155930566944268 1.3031426524447225
430 1.5127861007012307 1.3550764956919688 5.8515604737708955 1.5385157421323694
431 1.3476278106516524 1.255744353748642 5.9811629678726845 1.2984102654383747
432 1.3813575057222018 1.2521152305787098 6.722544174070416 1.6337947534212234
433 1.328458986119481 1.23427656633518 6.658794345126484 1.9675883038078958
434 1.277384428139498 1.1862731951589365 6.463420770518845 1.4428935248571513
435 1.4492470280355199 1.3311969923667621 6.231321240822503 1.8240156761880344
436 1.489555091410733 1.3550587316181142 6.346865606585869 1.8717547111380965
437 1.5679675835429279 1.3859911243832674 6.432148099229106 1.5371388192360262
438 1.3705387328128604 1.2418402320362825 6.6849099675900865 1.2872648626415994
439 1.5229428747333746 1.3970079256544734 6.447753754690622 1.4977260320342298
440 2.498393801096766 1.3456480579184273 6.624720101565781 1.7665991233850848
441 2.197822854784186 1.5110675863648166 7.0552623797448 1.6282087769500353
442 2.6933409312429397 1.6076189665269607 7.072055340012013 1.7604987643867687
443 2.262304094333449 1.6125892760608285 7.091632253747566 1.7884009708167083
444 2.315732619478396 1.4682309905835305 7.274970029372809 1.7103255023111459
445 2.7165218223014564 1.3751911376049777 7.240803672758113 1.6510739155857928
446 2.362141288130199 1.6271155638767598 7.283492824950544 1.546319117393081
447 1.835822573010839 1.4941510423171338 6.902010785657609 1.7312001245457123
448 2.465380597471781 1.8189270078804667 7.380122784768266 1.5287123014116546
449 1.7342077170733208 1.4417397346698373 7.050326159326031 1.7091854499672725
450 1.4585211580170092 1.3760738716373098 6.472088650453964 1.4756516361560503
451 1.364365025236425 1.3140027253439417 7.4641529652395535 2.0256245302730322
452 1.264099158388433 1.2375421279921546 6.384252326841204 2.2663082708593647
453 1.3669735753118557 1.3289562436482931 5.827646516340518 1.6661867453163237
454 1.289694668222734 1.328580733229873 5.601128645608446 1.7145390799108833
455 1.4657575739146664 1.3544625732109068 6.327431614957655 0.9211791419985227
456 1.3930088659489357 1.3199794415696033 6.368864187171672 1.4015737809403
457 1.4233304373415454 1.369794846450925 7.306118886567009 1.021883500773706
458 1.4590413013438908 1.3423585102030122 6.437187883599964 1.1152866434345305
459 1.4473439200252054 1.3305442688186897 6.021134742921495 1.1775746215423748
460 1.59858571456053 1.3611565640553096 6.434030132119524 1.6941266736135991
461 1.6819913436142018 1.503577850374033 6.2947252184784865 1.8344589057923915
462 1.842629412161435 1.4982121178468613 5.8918298890679885 1.7052729102416684
463 1.488164283630101 1.3465931835350082 6.842358920736685 1.8372964070411641
464 1.4071657564692417 1.197391993064243 6.438042055937792 1.6896147202782255
465 1.7109281775465917 1.4449764636302862 6.5145623902053105 1.6981866887698434
466 1.6432311587673931 1.4221548961567003 6.140552135457693 1.9211449538381327
467 1.7512805097618123 1.4769100737174727 6.345977936392361 1.6291769996473755
468 1.3522154855246473 1.119939540781611 6.820898492016256 1.3716370840686811
469 1.4416075040139376 1.293217197098222 6.832461067226924 1.3473135041961148
470 1.6712408802550967 1.4748425219815993 6.1340579217340485 1.4731397362861889
471 1.3827996471705404 1.1877232550718007 6.683139423853954 1.9262232744142653
472 1.4054690466029183 1.260403167215259 5.899531798720211 1.630106580690165
473 1.5045194135744775 1.405062411999091 6.5602182346057925 1.7564345233343612
474 1.6930080556973885 1.386804232048164 6.33452362298501 1.6280130445002696
475 1.600599598482906 1.423378050286907 6.3706850824168315 1.9373945973148907
476 1.6716806865209657 1.400657919870003 6.480682951460638 1.8553423658866253
477 1.507205449982016 1.3411756942436102 5.837898792983412 1.4754447235702088
478 1.5126203765279342 1.3731905732305112 6.404614814246205 1.5966677870311499
479 1.5111007619856531 1.356282577730615 6.478757826788458 1.7578009205131822
480 1.4393904954376047 1.294922345539925 6.015336958871694 1.2786865755821863
481 1.3486753080286589 1.2808211949518495 5.726967125909751 1.26401649177367
482 1.4253539875365318 1.2741179241938312 6.762176782437335 1.8149375919170823
483 1.6042442121654905 1.4024394582390767 6.168309832089401 1.5231966585969854
484 1.518514103486535 1.3782793520019028 6.085449580728699 1.4932755645528313
485 1.4024153567431181 1.2957322808866527 6.14954733322962 2.021279576906101
486 1.5363647838403485 1.463259103096461 5.91098574620371 1.6285394080647542
487 1.3310882630832637 1.3069451387522781 6.069933487005473 1.3497878906254406
488 1.341137755317805 1.24447325518108 5.900129519350992 1.1766260811326
489 1.4161910075140056 1.2979886256432027 6.338416205188758 1.7003606620293978
490 1.4431031857033048 1.336576194941801 6.444531987178442 1.5638632354571902
491 1.5883334124611381 1.4197819335203077 5.846684401471251 1.4733397081330275
492 1.529192642231661 1.3295552748240336 5.2574140126784705 1.6441312681354845
493 1.5255458785568072 1.3899976704075 6.717932687725116 1.6914864927350437
494 1.4899201085598066 1.352243401997533 5.698419373729037 1.6587629272264455
495 1.3912857395738474 1.268298811507631 6.453098957952819 1.794373841395153
496 1.370686242487405 1.2108094784708068 6.010189082062985 1.7913507081723399
497 1.4802180645819676 1.3738124368990785 6.292336832814689 1.6486919477992799
498 1.4245005903373364 1.3027967917738066 6.226022239828834 1.9197998489990542
499 1.5818057312971832 1.4739391226457268 6.8850505320126905 1.4938440278713405
500 1.7158114789832803 1.5151155667809681 7.037864680661081 1.5612715567096498
501 1.8222819098958682 1.43879700949393 6.616289838436807 1.629966655608432
502 1.8112704817162018 1.5078904744433161 6.914438173322238 1.816080604938166
503 2.127854574232201 1.3872328844314465 6.605962618499815 1.8041285670370455
504 2.1098070510630738 1.5931834472812267 6.591786916102743 1.540139969548099
505 1.778915541016576 1.4436865623593074 6.871585434179494 1.6946520279133819
506 1.8591948746420177 1.425850984545587 7.077012023116419 1.5114541236939214
507 2.0644672424352515 1.4921987337212639 6.800261701672843 1.702874375694571
508 2.0170653100827844 1.463036453747121 6.683733839005153 1.656740727019629
509 1.9156099902776005 1.5309974909724526 7.328952013904251 1.5789708914833207
510 1.3539751510254618 1.1846231359472184 6.5628498703253 1.841539450290014
511 1.5827766060747395 1.3324269595477978 6.406581789996843 1.7534613852253393
512 1.5836829208192635 1.3294518946719958 6.1328934435367755 1.5802308099065763
513 1.5431600663131537 1.3215553650978782 6.350005268648667 1.8905556800099328
514 1.4566112775061304 1.2686212710297649 5.825199937294181 1.2840066660933274
515 1.6534985742771477 1.4634022561656987 5.717672027952208 1.519778836626839
516 1.387738957382666 1.2653546616359717 7.147865298352428 1.5338601651939492
517 1.6118107228946363 1.4075408332945616 5.999001429419626 1.4719496523814775
518 1.4514944564586318 1.28202302462874 6.47541824934901 1.7167242780736016
519 1.525437292434416 1.3790287016714686 6.483454179611324 1.8756310694312748
520 1.9195444744169303 1.5880431135654587 6.937533788790559 1.7431502980548235
521 2.1689643049168685 1.3717690352163936 6.429897090061877 1.8056672359414365
522 1.7872870107133547 1.333401617318432 6.495913039334194 1.675108813657181
523 2.041096662785017 1.486304004940079 6.961778053953127 1.7411718635108753
524 1.9799960562029455 1.4559131829817251 6.772352457786746 1.616997499644678
525 2.577377382624941 1.523650654295444 6.98602319452394 1.6077365036338227
526 1.9541460686218342 1.4605426194042124 6.763601634684046 1.6775751862604857
527 2.2989008601162957 1.4805061936122785 6.3834384425127 1.732644148695403
528 1.9631704218962236 1.3139286029496815 6.859932796424905 1.6290916453467303
529 2.2065861165354463 1.4187606105308206 7.003030721443999 1.7909009877949535
530 1.8968343810922061 1.4826327617568806 6.503794154657347 1.7179998131703118
531 2.107771447672063 1.3655830582778927 6.665647918959584 1.651906993535225
532 1.8221512347913287 1.398973680534202 7.057433441170913 1.7037681446601978
533 1.9990912838504362 1.598458165917452 6.378443262852767 1.7349634504619735
534 1.76609406631151 1.5073053155494 6.698207737422889 1.5086326053906638
535 1.8956674936383133 1.6167560559459828 7.011823718922653 1.6474883514514196
536 2.0411883537452638 1.5190337081913277 6.366159676229514 1.7832685200396492
537 2.0924897880680273 1.5649301824125765 6.795454936522086 1.788057971861044
538 1.9968181002239898 1.5453490958125078 7.03211521989727 1.6398754145272854
539 1.733986514296119 1.5154797525937616 6.991349801142559 1.5813974270999214
540 1.6349058489631598 1.3008390095275448 6.771195103289677 1.7706631925175302
541 1.992051281502726 1.5540824280064545 6.890684510818617 1.663211710691104
542 1.6238703268890955 1.3852579485030774 6.219698477603765 1.5222202499752533
543 1.6804162919217351 1.3897442393142105 6.923922074197846 1.653074409589439
544 1.6968795453663639 1.4852681641681944 6.9224140532817025 1.825759201003855
545 1.632715393046125 1.439450573142825 6.656089158003885 1.7333661850405078
546 1.695765278018603 1.4819822484223848 6.554467105733744 1.5969036287167542
547 1.8771444983731373 1.4997336288891188 6.3130446015241395 1.765754265812086
548 1.8664091777509249 1.5369934083043804 6.53791560377365 1.4665440825877707
549 1.7658004297123724 1.4100227059130246 6.636721501989883 1.7921735868453916
550 1.3715798155178691 1.324844312507559 6.160344378604687 1.669208647263349
551 1.4450168792697198 1.3573967612492392 6.5342396916713605 1.8426388683249557
552 1.6302664570851653 1.536455998800732 5.882970114706947 1.3437856942383903
553 1.450669338363617 1.2866551384254863 6.655313019592848 1.582038157693075
554 1.411880254508572 1.325550183546124 6.482375636564839 1.4739462028036827
555 1.4572352297935802 1.2841410651742382 6.6721680129987995 1.5881560393778638
556 1.4971136448989053 1.37234608730491 6.789772333312704 1.9941382159950232
557 1.3972635707485102 1.3106071089020035 6.242492647341925 1.5223287145387823
558 1.7279236599551628 1.528773898404608 6.347667530935876 1.8400977031237058
559 1.6651467150737673 1.5082619395780914 5.9978279537001065 1.5279366373493475
560 1.3985310469836312 1.3056170217790122 7.255276552032288 0.0
561 1.2915388219314172 1.2851954812827517 6.87735069999009 0.0
562 1.377366301580496 1.3681683593249077 4.630046444842318 0.0
563 1.374507801397224 1.309401027018099 6.431545423637261 0.0
564 1.2968554659615437 1.327902442406263 5.409540201677573 0.0
565 1.2717158785644278 1.2214828169694394 3.8529841373228715 0.0
566 1.3470843555416812 1.2785236890735743 7.099434618046455 0.0
567 1.4721523663594125 1.4530044798231518 6.167599474195023 0.0
568 1.374009037180999 1.3408467675072042 9.304524453531148 0.0
569 1.3683195209585082 1.3446724122368077 5.489819939081143 0.0
570 1.676229583404144 1.422864046960422 6.61004602167814 1.6441984169668953
571 1.7573253724112237 1.3171988035351585 6.041367908811533 1.4482030506629466
572 1.8436397134225009 1.5752253661237585 7.041065179401077 1.78948420284909
573 1.706953710017689 1.434648742303415 6.792688642486186 1.9760748584831196
574 1.86851917308824 1.566514823003528 6.890636334590268 1.8677516030538612
575 2.0328354175691206 1.5961056616732079 5.753245453597952 1.7550430043081917
576 1.817107677067762 1.5594430138238586 6.5303157384153145 1.8433164993878481
577 1.936113392709469 1.7706602556384075 6.903629528317482 1.8929307510094169
578 1.5978682288343091 1.4828569824808926 6.775926735802765 1.5358356132695832
579 1.4492334733926389 1.4412076224951615 6.618091562012235 1.7496827778410171
580 1.3825540556515916 1.3133172298050908 5.859833972119295 1.1220282771144148
581 1.2842802994000164 1.1944469391902868 7.183156560567079 1.1646526016365115
582 1.188600759276998 1.0826109284926182 5.841213020559239 1.3310708598695142
583 1.2958832727233849 1.1884192058420877 4.188390333682813 0.3072408228476491
584 1.4413006596039406 1.3200817219609748 4.455627225914154 0.46680586520872747
585 1.3067462741017613 1.2814876037233298 8.144059614550677 1.160464838980471
586 1.3538334773608782 1.1961031925512733 5.245010004279376 1.5186652216923007
587 1.3255631867205568 1.2757908905569826 4.342425399592888 0.5175068837125105
588 1.3246306535042462 1.1386718786607548 5.826830796098287 0.31637310172525046
589 1.4920764023363384 1.401603098128667 6.87728041136215 0.4411137043162081
590 2.1150856706916934 1.5216319461036387 6.929695746750097 1.4716427786406097
591 1.6565752598944568 1.4118375677278678 6.90449183875297 1.7097411222444177
592 1.679861422466363 1.3730696512571021 6.141199196321083 1.7014969350152545
593 1.6403413883012172 1.428637810563567 6.590336289131454 1.78313306139642
594 1.7644108623071508 1.4621527368438543 6.84458521178383 1.5634069433016082
595 1.7219056690527657 1.4756140644433176 6.859773245051237 1.7059924152958037
596 1.5821494418455242 1.3077203580481507 6.7816580518434835 1.7630276884790468
597 1.566878010071537 1.3387001668630714 6.735630655553101 1.7872495037730876
598 1.8230571919281298 1.4558457593041667 6.841688167290973 1.5724603355040165
599 1.9446996850575458 1.4618999814838542 6.698284389889777 1.6714771431254254
600 1.839186740050623 1.492868696145772 6.929832615061266 1.5211696016678082
601 1.571426889984551 1.1955427356432653 6.6022794936011415 1.7189315516072594
602 2.085267481192499 1.4168375536110434 6.83233434636879 1.6747793750132658
603 2.0661672889278355 1.4988460229588803 6.604364778317858 1.6692117396529966
604 1.4339677121602878 1.1453350695682252 6.631788876190749 1.8286564279284006
605 1.703405509196522 1.3980941642588103 6.874018408038824 1.6755350831240625
606 1.9486011263607292 1.6405199333948453 6.914591025670539 1.6799264805344287
607 2.523632231727979 1.4859333770015462 6.83438921606961 1.7103632733128638
608 2.0163435403034216 1.4790111567294515 6.561767376417947 1.7980287336774414
609 1.9772443468715877 1.4382887742210932 6.687350984031997 1.7381870364615664
610 1.5293413325736414 1.316834891574186 6.19363350230457 1.7073330341766961
611 1.4967201443319946 1.3205616135521108 6.39599230858293 1.7806428148998492
612 1.6346755278583454 1.4708516193490317 6.078365559764411 1.4132017392219576
613 1.6151987987263312 1.4090197733492362 6.58538820473613 1.7212267168316044
614 1.4618095918498069 1.2882509742078523 6.314276383339307 1.9716911648297963
615 1.5824939774740443 1.3460225796847967 5.975486574717848 1.7054526203385914
616 1.415140414138575 1.3192086808235433 5.923125255589406 1.6066558715514438
617 1.4746395006295354 1.3078824762740628 6.123336814655993 1.3686380158388216
618 1.65959788204375 1.4270175691642712 6.422907854482665 1.3903446154790502
619 1.5175008628898337 1.3500002874138939 6.189502503674814 1.4114613831267355
620 1.5898893987119607 1.3350516057540962 6.6425740787928005 1.7618333882256798
621 1.3107537217406886 1.2499802910017634 6.089054953783795 1.7295954011373624
622 1.451018088676071 1.2735147194053567 5.922222986204203 1.6804076269044883
623 1.6387155680298824 1.368046849819883 6.544235709451203 1.8339941875849992
624 1.5038761412161246 1.217677548553365 6.264676793132881 1.8366547014954537
625 1.7616224520290145 1.4817591811768247 6.4775839101165555 1.5576920299448704
626 1.6684856151840126 1.3634674437685876 6.043286513665347 1.5856756184068832
627 1.853805444746038 1.471859455827257 6.248337417441352 1.9657201705952267
628 1.5533430208238046 1.3488456282510441 6.189111677355943 1.7770670198407699
629 1.517745107193395 1.3418514273531836 5.981857039034032 1.244540504033378
630 1.8162388886833594 1.3727887980995275 7.228480727092719 1.7048925270451518
631 1.8810888536453643 1.342047152267341 7.192187425866419 1.594189054765943
632 2.3039020423141596 1.603015726533031 7.022727397108348 1.608575868261846
633 2.0876533990486723 1.5352052967228949 7.252094446462739 1.534961424690272
634 2.042162943522958 1.4830580820249013 7.171021733677031 1.617852904101944
635 1.736922478320517 1.3097444122203192 7.1534426643005204 1.7060877574954652
636 2.2467431994672302 1.5419785093503942 7.238101991144838 1.5343606366819398
637 2.07158510561256 1.5167020685766093 6.810302744734287 1.8199004099697873
638 2.2113587108499844 1.5101196521026719 6.862860341091793 1.5958143322332297
639 2.2188165588368314 1.6865846557525415 6.637280785272861 1.63742060963092
640 1.6054431443085293 1.4213648663866432 5.7388968336856685 1.2202696581310877
641 1.5072092467265523 1.378636916651498 5.965888002061861 1.3697027607363235
642 1.3816598758997207 1.2612005774075599 6.393061090578517 1.485906182153293
643 1.3832943332171057 1.3165394466300107 6.305718344635039 1.458026668016582
644 1.5666384015233785 1.4116900508323451 6.5090784130039685 1.793836055565827
645 1.3742421075447646 1.237303502258776 6.6399391193281305 1.7362735379631111
646 1.3428624497092108 1.3152228502234986 6.077389721663274 1.3640610403075262
647 1.512942661999572 1.363574650587936 6.292154523837947 1.730877148420933
648 1.62456449885509 1.4003770820169092 6.022910836358944 1.7459648276097897
649 1.5029966689313965 1.4201111632475556 5.7679425250655045 1.9440653236171817
650 1.607284690843334 1.4197235870498415 6.998344425581 1.661480930370007
651 2.018462634297561 1.61795924702573 6.683478198247759 1.8496961914203305
652 1.7415150961319577 1.3819048239202023 6.989542990159537 1.6719222815951045
653 2.0764364594569638 1.5412286836816653 7.007836553712182 1.7017770007630302
654 1.5473419432411484 1.27405361284989 6.56056898485816 1.8688966844852435
655 1.6985571650061073 1.547859671786593 6.623629415592564 1.723668530312211
656 2.086243852509677 1.4974737012732242 6.338673600140406 1.6697448217551802
657 2.007156870676119 1.5856224081561108 7.097934937436351 1.6416274494254344
658 1.7466973756637134 1.4530731781097592 7.22961630897872 1.7121025557626715
659 1.9602750372915265 1.5031562437545969 6.245193901598212 1.9212220933418689
660 1.3942634707695263 1.3873283539057506 6.693664230495294 1.1374305644328044
661 1.4378697369723763 1.4230600620681455 6.481712277289273 1.9253712908220557
662 1.3656165539477805 1.3067725673180062 4.628662462010069 0.43155282583033566
663 1.3867857553809386 1.3868039454437429 7.025582376461568 1.4000551938519123
664 1.5062737995051645 1.429780503957983 5.627818334482537 0.16642995440605088
665 1.3950152123272235 1.3593918586387128 6.119367346405677 1.012277163994112
666 1.3731924187276061 1.326240780300625 4.692589889844085 0.48515842453464075
667 1.3796868408089353 1.3680330498447564 5.434258710242747 1.3987538609271741
668 1.3727525159456289 1.3219797906937079 7.74429747371444 1.572465018312048
669 1.367563437386297 1.3679759688858808 6.187508462402726 2.6309315290689743
670 2.8208318135784864 1.2297771134660396 6.781238967342301 1.7936509893369055
671 1.051199526204073 0.07898075643993274 6.58412434528256 1.7625473424290714
672 1.036483534389379 0.5346514684376926 7.012133553617484 1.6928760488356853
673 2.266154530032888 1.7571795538679116 6.789351814894697 1.8560179415995648
674 3.0878912133580685 1.5327669938054227 6.283743931772672 1.7600024330602413
675 1.4816579536347625 0.5207012635150051 6.964094126018891 1.7189617437902855
676 2.3439252937682338 1.1350254516444531 7.245670810996491 1.866713568520913
677 2.6422089057060347 1.0923562255325845 6.767573736464366 1.8837668870268807
678 1.964422945680831 1.4273426799678715 6.983080461483067 1.745977763299584
679 1.1740448568681385 0.2984983192602197 6.981710519713625 1.7855460916854282
680 1.3701901067634787 1.2904116147389606 6.254731660152108 1.441735227727952
681 1.4363695143445399 1.2748450404189897 6.388604886457777 1.9767996852121574
682 1.5291834926552088 1.328383089526326 6.01100454270747 1.9885284280075655
683 1.5537750774409897 1.388387334813585 5.864930212684014 1.534261325384123
684 1.5671905157704338 1.362304338137431 6.181761784733841 1.6757390620375914
685 1.480443458630669 1.3569207018359766 6.101398600010397 1.9095546220075912
686 1.5498059299929718 1.3423569010697856 5.936875152603167 1.3033361760340127
687 1.5341641798455643 1.3171329908627967 6.668522997042767 1.8911944904290976
688 1.4179213805139064 1.268859869041574 6.325646061783286 1.6141265966128107
689 1.584453333338116 1.3560903833760394 6.37474765379208 1.7988403125591252
690 1.7525806893061608 1.3554974419706451 6.552995002298018 1.7869394932003473
691 1.7489108375003384 1.2728619633837301 6.341006714634436 1.727613682027741
692 1.7931920805735788 1.3967657964937288 6.608432326241758 1.7186947003278485
693 1.910874157814492 1.3586170606298236 6.114606810409063 1.7032624991819658
694 1.8720747626597873 1.4311531456100988 6.510863008446484 1.672348259332259
695 1.9016298403299878 1.5263745484977562 6.109665147341663 1.8145138679693118
696 1.7409541683769416 1.3933653780845754 6.545576436344266 1.6565509831376564
697 1.5509694643510328 1.3097839022561206 6.5751628935956665 1.8091949182801998
698 1.6317397952388393 1.2957589844897648 6.563990780820073 1.6071373225934227
699 1.7405143499725377 1.3762821397464544 6.994456401763463 1.7203137115338165
700 1.4925022878005834 1.2709116739644775 6.353904082007082 1.652855128968578
701 1.7080064166009488 1.3416680210977359 6.4177533621135385 1.5074871492580777
702 1.7098483405190905 1.3569625817418864 6.317076013052259 1.6748090038484529
703 1.601925301645517 1.2914020652447764 6.5993775502294305 1.737965154686587
704 1.5335324552688179 1.2769440445544984 6.343587672801556 1.650942284661349
705 1.5151810059867308 1.369588728568754 7.047585471215099 1.3375501744165479
706 1.5983679993173252 1.3092243287992051 6.405719946082849 1.564493188088961
707 1.7347806773603134 1.4063476507422874 6.529207445456281 1.5179826363649627
708 1.586956647222163 1.299747880078496 6.327770588286935 1.8214204712165833
709 1.5684673407903733 1.2707928914304774 6.317278534184743 1.4844295359934334
710 1.4398976584617527 1.2584608926699143 6.881407740965251 1.585616534565062
711 1.496813628909316 1.270103081218524 6.457309653529397 1.8955602957789597
712 1.458753511997485 1.2265241686577022 6.876750827302872 1.5238558440852292
713 1.5172946576666597 1.2793407844270959 5.934339099469362 1.7133487068310194
714 1.5348537442969614 1.348204159400905 6.092112001989647 1.7301442063399683
715 1.4625194425665111 1.234206931007429 6.266624991358724 1.6654823005869814
716 1.4684080697602246 1.2706984775139625 6.462389581330558 1.406978469586024
717 1.4100694963227145 1.317300726044956 6.803650598493995 1.71925982838661
718 1.6894986038554451 1.4177855777982142 5.866255220137337 1.9158168229305212
719 1.5251206323763404 1.3201499310507638 6.583161616528085 1.439501752416474
720 1.368403650254853 1.2907775750620585 4.116918554424817 0.08341827680591818
721 1.4353747405501052 1.3046287297051897 5.003039889712436 0.39915055394700927
722 1.4242625149750237 1.2811764679925886 4.052815601118941 0.2554993206066263
723 1.2655132534795028 1.1706115383200735 7.23608243746205 2.1282367217770717
724 1.1999275084413796 1.1375211650566786 5.045565850214166 0.9708784463981295
725 1.3538060366128108 1.2831304577089937 6.577670968021646 0.31136296025073795
726 1.4015224036455685 1.2886357767376728 4.749081132708032 1.3527009254646367
727 1.2791030908168504 1.2263613914608555 5.226137975822946 0.6719712167672003
728 1.3628125029703984 1.3340445229104525 5.550707981500526 2.916690592119007
729 1.4401464973168778 1.4028487119667241 3.668575587011827 0.09699585762095886
730 1.9426324165991522 1.6003152054245235 6.679186027651836 1.707386030824716
731 1.8044407391233381 1.4738306245025274 6.892778805435712 1.6071141444581558
732 1.6705578509499108 1.427889929088826 6.746140949732537 1.5398705872126335
733 1.7283453098502661 1.5286759153368452 6.4229133117017385 1.7677609278115285
734 1.6724560408361244 1.5491773517394614 6.389481198708685 1.6110650167886464
735 2.032288127283765 1.6425155942214935 6.518770693009892 1.7594656477994235
736 1.7176612776768634 1.4569490207784768 6.323807043323913 1.5022173822044385
737 1.6971653278599266 1.4334607303485807 6.593125174941128 1.6490888661349963
738 2.092857814076641 1.5940688144043698 6.6068404653458 1.866446529736402
739 1.6231504676201418 1.4563356196039952 6.941150727535562 1.7030303101678819
740 1.5478897603979442 1.369236830492888 6.524721909146865 1.6867150859451931
741 1.4348701663673746 1.338189562607926 6.870463976337089 1.6661113167872184
742 1.709492088954019 1.4565944929147854 6.086124087345154 1.7944879126137663
743 1.552241694248506 1.2976425973921055 6.433100743412903 1.6268247643197804
744 1.4585387726546728 1.2073267060903736 6.482447330005253 1.646254415450164
745 1.5957087386796642 1.3903193008960448 6.051192277450844 1.823426327478112
746 1.5204491357352035 1.3699168163653621 6.412173443214012 1.8611894661604689
747 1.5778346243133132 1.315286136812622 6.154035198843722 1.7780459371083772
748 1.6320325001369997 1.3558531096334643 6.208328775319761 1.5894665382573472
749 1.5027118133559068 1.3176191913485273 6.862092514653416 1.7238411109302645
750 1.5738427428357362 1.1196539154032072 7.1811999821388275 1.6766087471816147
751 1.8693605895941643 1.3086028828015195 6.937905746153569 1.7164273821042306
752 2.289572712132683 1.5697234743460993 6.718142961298171 1.626602998272214
753 2.204668348169929 1.4749678263900015 6.654035501983888 1.777347409242919
754 2.4012318418862852 1.4940525476805584 6.874212510691041 1.5793198165920181
755 2.3812609800303246 1.6149909029265581 6.652405035447499 1.7421930796967746
756 2.0016843684502907 1.6202743131930244 7.16997767573119 1.8207083914462445
757 2.2868653026762717 1.3621701965361326 7.2934302414648124 1.5238305327432327
758 2.2920081014288174 1.4012032375166463 6.903520346376656 1.7286254677070172
759 1.7654839500324975 1.1132976564762243 6.674174180077381 1.896846131812684
760 1.5543970570129841 1.3343003795973016 6.394365333947968 1.883855004241265
761 1.541367970969568 1.3619263928103384 6.641878163033932 1.5684301588946765
762 1.367391390400099 1.1893618299538866 6.077496815335416 1.2120022499179244
763 1.469904540148758 1.2773903438052268 6.92624645726424 1.35809181769195
764 1.5819419525651293 1.3570558468682097 6.3937612828273345 1.3475273611133178
765 1.515933235518911 1.255427063766477 6.649499128115304 1.533799951501634
766 1.6410925484473429 1.3750365132719569 6.602917184270376 1.463210642336083
767 1.364163589147664 1.145332847115621 6.4428666262652925 1.6845838614839026
768 1.5796242661093125 1.3306723266698492 6.053292118050266 1.6721448618314143
769 1.517757548081271 1.3578387815191635 6.485304284757246 1.6740836507600236
770 1.5240579277102215 1.2871979558187243 6.272231422510376 1.4762522245407856
771 1.6220693440650817 1.309323420549531 6.430196242906296 1.956836304843909
772 1.4793163920308 1.2277902427133787 6.694760067315824 1.8694065200967438
773 1.6303818138128776 1.512056525755848 6.920933271667681 1.824431518040181
774 1.5603495703486046 1.3853517783775278 6.292334312722929 1.7340307549117482
775 1.3308595366198288 1.2781135514515596 6.45666254709573 1.7902677207425217
776 1.658671874632094 1.5529870698629535 6.349354164633958 1.566557586407304
777 1.5410168471173131 1.453720911221978 6.466021053163982 1.82929916855785
778 1.782838284102084 1.6043307013822088 6.246561614383139 1.8788324225292132
779 1.4997637559905788 1.5357052302157914 6.3308891451725335 1.7065560118084118
780 1.7728904526054365 1.5295237143252207 6.742157373809702 1.6016425257455114
781 1.6549267509191088 1.5531980012360058 5.844696194738273 1.7847331116093996
782 1.795178403834425 1.5913950289782697 6.5527026651930615 1.7303325376848877
783 1.3207330250823246 1.2520971261160387 6.263537260091124 1.390582961172659
784 1.7332061945494115 1.5478698113193958 6.2678547062504855 1.5919499352771287
785 1.72805533132564 1.5083257918733817 6.319837173755302 1.6160875388149152
786 1.5652695619157038 1.3364437466416108 6.685429226531598 1.59508029076178
787 1.6489011202582309 1.4874515539410904 6.892835444545247 1.8623449872989501
788 1.4218699403714004 1.2682968432962565 6.440448181957599 1.8197789372753697
789 1.8029780433440656 1.4320366877525668 6.788911702766955 1.5031751491017211
790 1.5762776992369358 1.362004205489709 6.170764690855412 1.5601598106871937
791 1.97453937471762 1.5006151718801086 6.164031701502041 1.5166908662914667
792 1.6922131580404371 1.3696067155947766 6.3846476106840475 1.3911737373247883
793 1.841824168319297 1.439553122407949 6.624570581058383 1.7198173582278853
794 1.8876074012169897 1.4864358865143998 6.227161083477914 1.7019461462573744
795 1.734541513153407 1.426200789701197 5.602207873666898 1.5114209797679627
796 1.748667391309424 1.4640995927424099 6.324470199411847 1.9183702615206648
797 1.6576700255100418 1.337520202154623 6.305657060793696 1.5551657237566274
798 1.641181256734184 1.3618529281392235 6.879733907661597 1.9096136996059636
799 1.7358575171087278 1.3639314396395001 6.537301220090885 1.8088118779577704
800 2.526082848040948 1.4221692115516176 7.00940590175536 1.9074281844134948
801 1.5689605329159964 1.2618507249029478 6.882515140228238 1.85446378065995
802 1.3952628934308864 1.1357512761080666 7.077457165885962 1.6514639749374478
803 2.641049674570037 1.2193885422451956 7.194069451334996 1.6670635044768456
804 1.8700610596172698 1.4602064711692893 7.054390125117692 1.695474609704202
805 2.194572580221587 1.5704463093842673 7.2431509519665624 1.6821531987346658
806 1.6939764761359832 1.193654455919708 6.913341972563125 1.7071812122168304
807 1.9854018494144061 1.4698140976786003 6.997186285341378 1.7092079487030425
808 2.5488590543418246 1.4659148802268054 7.2507123309585415 1.6231480641305
809 1.9565091917317967 1.543430145445523 7.234549701178255 1.7323746705618566
810 1.9253409781380022 1.613383762841264 7.014825774991389 1.7706288993210133
811 1.6886640538045399 1.536281679041991 7.074516926650946 1.5331065093362637
812 2.4644694536917946 1.6014971246154084 6.995933304920018 1.5944884046629317
813 1.757828942399671 1.3570875910124096 6.792694796128834 1.8118466414048713
814 1.9199017507182774 1.5145036668760057 7.09833763938138 1.7493621244432112
815 2.026323469573111 1.6129079159929274 6.699913042377558 1.8026559417438652
816 2.6529443063464258 1.783649515990863 6.710686909691811 1.7925312243413962
817 1.2646717892778858 1.234047897854873 6.892658608042253 1.7986546857748111
818 2.3526730187331064 1.5030138791797383 6.9550297368763285 1.7235594204646703
819 2.5371325875520947 1.6254298416289208 7.107858473026546 1.6347195833473591
820 1.5730452502812722 1.3044658452545064 6.996234839655623 1.8214617660395331
821 2.0069232899625717 1.402647485477252 6.75094536995697 1.7524043213295033
822 1.8656475397051466 1.3872159770090746 6.159684205025222 1.6200671353678278
823 1.6720992554032532 1.3673009885247949 6.693925911423025 1.7076102362226704
824 1.7648381919284475 1.4520211923332826 6.281648684368665 1.6084630456476607
825 1.7653600939000529 1.4210881704793694 6.83309073308662 1.6743686856184947
826 1.9078363118003376 1.3690553291574072 6.652212706794277 1.4811349685278332
827 1.7842466984854977 1.3292622320020284 6.185703467043089 1.5121475461309262
828 2.025250874433383 1.389535040157136 6.558913611298866 1.7663879762161534
829 2.163392667507687 1.4588785373427655 6.42336636800214 1.6741501403124335
830 1.5349237882286495 1.2655874578218407 6.669643191886737 1.68606749808118
831 1.734210367768581 1.445381219932076 6.263348418310067 1.5549037649682165
832 1.7851093262037843 1.3303261186758228 6.353624605861954 1.7164598107767275
833 1.7893013508599744 1.4024935025900043 6.893499116144924 1.7375745981604767
834 1.95975446332719 1.4933444464971775 6.339440354093813 1.6421303735602408
835 1.8580189313063005 1.4629061661374463 6.35414850657004 1.8610757381582257
836 1.76814817812209 1.4299787345603303 6.40150917679698 1.7031088191623447
837 1.5275137497599185 1.3401996860545526 7.068424347717985 1.9006491706615967
838 1.7531773415451715 1.3628733375362967 6.16056090655351 1.9407953543347567
839 1.8695897876570853 1.4401238098332105 6.251440750497661 1.7756725630921144
840 2.44058152038316 1.318571969302738 6.924262568731731 1.6967946645725873
841 1.8246157949535378 1.3019061904885894 6.627297081499918 1.7568846614710505
842 1.274971581864635 0.8370937163271562 6.50281431801643 1.6162426377050552
843 2.1128534928858373 1.600835144745532 7.266362966259452 1.6457870450778151
844 1.8422104291117456 1.407176883563786 6.828128257401832 1.7232612387085828
845 2.457320337533857 1.384722678936461 6.946552632067363 1.7537223185826667
846 1.8395523268247045 1.3759465511339641 7.649609083754733 1.5663593142825363
847 2.3090549115169354 1.5563647181298002 6.651405160190865 1.6030049691971893
848 2.2034561774502395 1.6560151006976946 7.010265750606841 1.8194417582373725
849 2.3174815810132428 1.5823784279868705 7.071174603363651 1.7591249023016093
850 1.5711097469650974 1.3672662121724675 6.528120796799948 1.7654660993898037
851 1.6704208341096782 1.3356045929470137 6.431094459014642 1.8954322635987668
852 1.366822577480201 1.1153468906931818 6.320521438996716 1.8099674893258497
853 1.6189324279214057 1.3696601438564484 6.456877188130925 1.6088003354885716
854 1.5081197288169088 1.2740833454313896 6.555642365786424 1.2224066947125007
855 1.5653775977643696 1.2967192381239188 6.143531392595217 1.6692349191404652
856 1.6467519277433598 1.2866417868180622 6.589590326607383 1.4908610781399099
857 1.6717148042872285 1.3613602308252728 6.315438995288941 1.6215375653803132
858 1.523000509667232 1.3132624742994943 6.535086610028353 1.7830096219718186
859 1.539137397782807 1.3104275252019235 6.067938320763229 1.5614845449530426
860 1.2859512469531194 0.8827603591565489 7.020487662783494 1.568964920844132
861 1.6373083083973234 1.0994380569107323 6.9253603547444165 1.740728492913786
862 1.6225781742496417 1.1625563038707492 6.278776967064425 1.8364608317819844
863 2.4879229720739526 1.5685641373396084 6.714638769924628 1.8373653502536813
864 1.9868921743073558 1.434822082433768 6.608732879208708 1.5731247293255233
865 2.1538667927808155 1.510093622536094 6.618444011839469 1.7176962932159456
866 1.625714743277029 1.2664678961757765 6.771042199274126 1.6288116350508797
867 1.9409829346248197 1.3663547163526664 6.725841736166279 1.58018515018829
868 2.361109022340611 1.4142491131744173 6.767660502449967 1.8161996372690725
869 1.8722261833556424 1.3549140603317147 6.617799143080099 1.7708111832701094
870 1.60869920016978 1.309554184350117 5.989627678720978 1.7457097641721186
871 1.9273806932448017 1.4873906983211869 6.011408382435424 1.7647471692032346
872 1.7845273617721944 1.3922691192167067 6.4871947874810445 1.7663661483606932
873 1.7335810471447959 1.357016621514599 6.557183262908722 1.5070479603128248
874 1.857411136093067 1.4532745502346247 6.220044905170968 1.53337335344801
875 1.5736882405641732 1.2993930919637349 6.04734622693448 1.7307675516344248
876 1.807943875219728 1.5149566774841812 6.571948139845008 1.9261732458721517
877 1.7844688819586016 1.3932564909818461 6.776473176706231 1.7463885613122498
878 1.7087254695064482 1.4264087651597561 6.265248471746565 1.6477045006572302
879 2.127051861484365 1.5687929717221545 6.2928426035834875 1.572137419102394
880 2.2010924746894927 1.5615101195348833 6.4368701553308165 1.5978782399698337
881 1.760359370491054 1.4405416839907796 6.148635256565699 1.7056823146404085
882 2.24740385573425 1.5784864465394743 6.704048487695735 1.7095183648875834
883 2.124626934341545 1.4959771010748386 6.348080041038597 1.6032069139882716
884 2.06045129316251 1.613516210599944 6.991084637870802 1.627741914064845
885 2.117955047315573 1.5284991245358739 6.791257549977044 1.7741573367043368
886 1.9866907412990005 1.447867750598135 6.756582906516932 1.666071173422559
887 1.7181147438717679 1.4102392205601422 6.805145517645015 1.8291786296768724
888 1.9108487905400384 1.5306868614232791 7.026055155895072 1.55467196910705
889 1.8906981094184607 1.4690503045598926 6.707638039857143 1.6156181929167206
890 1.324960380044936 1.2193730404012288 6.6190228949521215 1.569489411380329
891 1.4207916521851156 1.3155637600342196 7.0743177129142305 1.8454717077782268
892 1.4142754994852258 1.282812533931221 7.219424660164097 1.1281746703074285
893 1.388351357931373 1.2137532789242658 5.137036281622824 0.880044451164388
894 1.4526182975832351 1.353327324484654 7.126466729494079 0.8391378821307099
895 1.3644731768268699 1.2511568851623935 5.815242109244539 1.117061983350005
896 1.4632219209553226 1.2698263910187086 6.334081809972537 1.8545534989031303
897 1.225393837930219 1.104780573088367 6.545103921583063 1.7391699222509798
898 1.4383505987295107 1.3074965929482907 6.624848845806522 1.8918134807149851
899 1.3873403195170306 1.2846686140856058 6.804640631222756 2.2150620823158125
900 1.7477319251818602 1.4136115781882233 6.9479471575958165 1.66957995952647
901 2.204887595649892 1.546122269167212 6.549755918224801 1.8168465860447647
902 1.6003031045375722 1.4887369327627613 6.640780046173766 1.6629763342518822
903 1.8738542833586262 1.535998260229939 6.63578246412578 1.7425207874956878
904 1.9175827141715516 1.7077597377772147 6.913234392453297 1.8281624449350564
905 2.1258670294961486 1.5693589430463373 6.756067947075342 1.5818398700718677
906 1.8328809204903695 1.434825731855107 6.329351564782469 1.694651218708504
907 2.177113338661247 1.5610742082278248 6.609511761643308 1.816914009254902
908 1.9828197511473524 1.5660893458127647 6.504244793694114 1.6563940904215548
909 1.9905276714422637 1.5137207534253543 6.843485095947172 1.76726360881632
910 1.4627718250213169 1.2792202556164916 6.3351286410991845 1.7873366391709757
911 1.7759764316024984 1.5256367140982843 6.483060668254334 1.5682193649448417
912 1.5133787292974195 1.3327371550215834 6.426458417930105 1.7163160079428408
913 1.4906538009349837 1.3165685860473089 6.415031459089785 1.734038385869874
914 1.653547622687431 1.3701651647534498 6.381003346045648 1.5734311904348552
915 1.7911974300734639 1.538593802006241 6.586400379261018 1.6914508306639588
916 1.6797073578569106 1.4620525615297248 6.100686860279071 1.5553474278273083
917 1.78117535830487 1.4843247554837813 6.586750352317215 1.8704651578618825
918 1.6238069873857217 1.3724785353923317 6.109839580606458 1.7386700639485544
919 1.4524823094255053 1.3938695243020416 6.8280139300639275 1.8332146631091542
920 1.8382668646087907 1.4709664146442696 6.7563988417929615 1.7541606724067293
921 1.6224319079384824 1.3726236228299418 6.530335425238028 1.7141412035396775
922 1.6249355191942008 1.4554386170902973 6.226431288621294 1.809764606550979
923 1.5137529695711964 1.3333858952373523 6.458818276194239 1.5703212407990235
924 1.9429369668966785 1.487960699064883 6.502833918492385 1.6472698238676815
925 1.795801549912503 1.5639809965671538 6.84746437752591 1.6395835255714135
926 1.7472809961127085 1.4687957518938435 6.48649713231736 1.5748147566933712
927 1.7435419362662636 1.4150098765455763 6.404935523991536 1.7229639509027666
928 1.7380893161507047 1.4439071098576612 6.605324293757542 1.5890847534928956
929 1.9201855243124435 1.5368817268854746 6.675641590319706 1.8032671339447595
930 1.5577236970492512 1.39344806863976 6.3146195874657645 1.8218621252717653
931 1.2049527735693206 1.1087444462162095 5.9791775195650185 1.5248898597625726
932 1.4821090005117723 1.4346252913885582 5.866848404631369 1.7860641266537036
933 1.4125397851271397 1.38685832282711 5.5291969757619 1.2086093421914934
934 1.3982123458220965 1.2879707060590957 5.49647953044842 1.652159221594236
935 1.4224538101841648 1.3840488308952672 5.963467252505003 0.8256541639938078
936 1.4955803647459336 1.5496244656683553 6.202178210318747 1.6736618062120276
937 1.4592469367908616 1.5594403444042628 5.6490924686426025 2.2730167103629344
938 1.3769458002088644 1.3645554328002425 5.721818527358769 1.8504817836267886
939 1.3137508081829479 1.3210906116707306 5.663892335634367 1.368837316727824
940 1.9667415416871707 1.3789379658324963 6.767261174210218 1.7375240591702021
941 2.437016107664647 1.5482019474644035 6.610026166514968 1.7746837926445087
942 2.2877143246936282 1.6135377523671823 6.388799333841752 1.7930778471622986
943 1.9626277255958997 1.5013073751935766 7.076438133506669 1.6410343156483915
944 2.4934962857652176 1.7270384853779224 6.754883241449181 1.7318285265427025
945 1.9100081228976342 1.5339010971980764 6.724368348733702 1.7461702938565926
946 2.2154355948497284 1.500105900687634 6.404283428195325 1.7706290377533098
947 2.0119417711833956 1.4072996264568243 6.499277827353033 1.9277138307468409
948 1.6787940992827417 1.4505858530371114 6.8302084964556755 1.6283182956294115
949 2.3613033910114187 1.5910322779001622 6.5580655705908235 1.895304441849518
950 2.0557730421403693 1.5228713176736937 6.55687910822435 1.8255740117145576
951 2.2545942631810023 1.6670501076850672 6.607020443740007 1.6546367214441133
952 2.2415360026661237 1.5684189623326665 6.424841980092156 1.7934622487525829
953 1.837164209059737 1.3920858469997726 6.367896390312149 1.8695666595677984
954 1.989655106827081 1.4341277098797895 6.310830846566631 1.63506353017224
955 2.3859463209314278 1.6013309515470453 6.675523760398956 1.7963047079877963
956 2.529251941133865 1.6032825881093333 6.354318263080457 1.729242099557984
957 2.103367245956902 1.5036546143687481 6.747796510493834 1.8695674936464632
958 2.2006709147025987 1.535937175566547 6.36375882329573 1.920278099931274
959 1.8809096933312075 1.4940408724031717 6.265664421263948 1.7239271124024063
960 1.379666082041213 1.3591735178777684 6.518426306442513 1.932239980028066
961 1.5655195100649146 1.426687594797666 6.486526085691651 1.950704122097863
962 1.5049078628804584 1.3794816778706582 5.611939837799435 1.38728818008885
963 1.4997149905418512 1.4240751781604426 5.018161160308674 1.1587478050321642
964 1.419392056661241 1.291925787097344 6.22523676418294 1.0756575721617943
965 1.446269099524748 1.3735007265565575 6.945604751511757 1.8448874956063916
966 1.4632238238343465 1.349284027362171 5.98960110926592 1.4694231823537913
967 1.3674701345194502 1.2989486002246402 5.860448030500835 1.4197575819051773
968 1.4085893729139078 1.3373664578037063 5.141558233432843 1.1145475294296177
969 1.3133493826159772 1.2484153848093997 5.934088354593269 1.4411754832964059
970 1.6512139800688346 1.3991984841221397 6.671920719068188 1.50068758073466
971 1.8065957866222306 1.4980470639469585 6.4901716830977 1.8914579029437553
972 1.5049785151026394 1.2640399150185617 6.459231826813152 1.7542662169461944
973 1.7977500714060288 1.5438421284781711 6.498470155491635 1.6192118029664153
974 1.512478014434716 1.2728646572678841 6.51368851195334 1.7789707135416466
975 1.6204535602425356 1.3692172487997558 6.300877227157347 1.7490614520173717
976 1.7277386271536768 1.5104196286614124 6.29426093169994 1.9509160485542443
977 1.8010638724676549 1.4775317088628963 6.22295113641043 1.534436514507268
978 1.794005961916579 1.4603264204193491 6.261968774084288 1.7487191402083595
979 1.5409603789349007 1.2953006591310503 6.908116456638063 1.6050691871772704
980 1.5072362882649324 1.3966318120908743 5.506990207713061 1.1696483856023216
981 1.4382239079719237 1.3641992939063792 6.40718913899101 1.768944114315339
982 1.303726172056818 1.1674595040054703 5.918763109470815 1.0341365489369212
983 1.4887802442346683 1.338243264016784 6.18583860255261 2.255809511317802
984 1.6084566955298463 1.4187406993252945 5.1653466690129335 0.5984483093842206
985 1.5236534297357176 1.4650182096107263 6.20038726555664 1.3546961633625585
986 1.4238380873793863 1.3235138019360306 6.736705752886342 1.6229255943598968
987 1.3802830186927273 1.3065972532284904 5.380567777574098 0.7613762920162644
988 1.351964049311164 1.243777756096547 5.257862517062007 1.0183962608212505
989 1.4236889488793818 1.3515041252588909 6.407147529832796 2.145040391925347
990 1.5600480132169636 1.3684445916834245 6.203545149147931 1.7828245166365353
991 1.3775283605883 1.2952206365061707 6.341838629799684 1.7191932382330941
992 1.29279252737886 1.2269607930362387 5.7045482471435776 1.2146634205145723
993 1.4217093280297093 1.289486355674559 5.504898883569316 1.1315816554747802
994 1.418400332223659 1.3176243985368024 5.900313843686854 2.3114639780395057
995 1.380973320493537 1.3882752030567078 5.350567693823948 1.2074736804032793
996 1.4581953656338456 1.3850372795786396 5.462730735480826 0.8345550302688072
997 1.4684428398659013 1.403608172116475 8.032757480225635 1.186511210004877
998 1.39973052479104 1.3433441107270754 5.369511629315224 1.4771418103913763
999 1.266470196928751 1.2018279789965458 6.060990112470914 2.2575357076668845
